0.81472 2.1205
0.90579 3.2828
0.12699 2.0484
0.91338 3.2759
0.63236 1.0877
0.09754 2.3939
0.2785 1.0553
0.54688 0.97995
0.95751 3.6551
0.96489 3.7893
0.15761 1.8687
0.97059 3.4292
0.95717 3.4954
0.48538 0.99027
0.80028 2.0574
0.14189 2.1123
0.42176 0.84829
0.91574 3.4299
0.79221 1.8958
0.95949 3.5718
0.65574 1.1072
0.035712 2.9775
0.84913 2.7237
0.93399 3.5692
0.67874 1.2215
0.75774 1.7607
0.74313 1.6737
0.39223 0.96077
0.65548 1.1991
0.17119 1.8497
0.70605 1.2622
0.031833 2.6611
0.27692 1.0396
0.046171 2.4955
0.097132 2.4172
0.82346 2.4127
0.69483 1.4101
0.3171 0.8479
0.95022 3.6525
0.034446 2.7251
0.43874 0.80464
0.38156 0.86305
0.76552 1.8416
0.7952 1.9436
0.18687 1.6299
0.48976 0.77527
0.44559 0.73747
0.64631 1.076
0.70936 1.4328
0.75469 1.5843
0.27603 1.2222
0.6797 1.3839
0.6551 1.2234
0.16261 1.8444
0.119 2.121
0.49836 0.96813
0.95974 3.5796
0.34039 0.85292
0.58527 1.1436
0.22381 1.3793
0.75127 1.7004
0.2551 1.1942
0.50596 0.7893
0.69908 1.3172
0.8909 3.3122
0.95929 3.7561
0.54722 0.96227
0.13862 1.9171
0.14929 1.8692
0.25751 1.1938
0.84072 2.6352
0.25428 1.0945
0.81428 2.0627
0.24352 1.1401
0.92926 3.4292
0.34998 0.94472
0.1966 1.6317
0.25108 1.2313
0.61604 1.1088
0.47329 0.79876
0.35166 0.98877
0.83083 2.321
0.58526 1.054
0.54972 0.85098
0.91719 3.2651
0.28584 1.141
0.7572 1.9074
0.75373 1.6657
0.38045 0.988
0.56782 1.0361
0.075854 2.5007
0.05395 2.6023
0.5308 0.88385
0.77917 1.9488
0.93401 3.4338
0.12991 2.1188
0.56882 1.0548
0.46939 0.99681
0.011902 2.7693
0.33712 0.91039
